--------------------
Cycle 1:	256 add x1, x0, x0
Registers
x00:	0	0	0	0	0	0	0	0
x08:	0	0	0	0	0	0	0	0
x16:	0	0	0	0	0	0	0	0
x24:	0	0	0	0	0	0	0	0
Data
312:	-1	-2	-4	1	2	3	-4	10	
344:	7	9	1	0	-1	
--------------------
Cycle 2:	260 addi x2, x0, #3
Registers
x00:	0	0	0	0	0	0	0	0
x08:	0	0	0	0	0	0	0	0
x16:	0	0	0	0	0	0	0	0
x24:	0	0	0	0	0	0	0	0
Data
312:	-1	-2	-4	1	2	3	-4	10	
344:	7	9	1	0	-1	
--------------------
Cycle 3:	264 beq x1, x2, #22
Registers
x00:	0	0	0	0	0	0	0	0
x08:	0	0	0	0	0	0	0	0
x16:	0	0	0	0	0	0	0	0
x24:	0	0	0	0	0	0	0	0
Data
312:	-1	-2	-4	1	2	3	-4	10	
344:	7	9	1	0	-1	
--------------------
Cycle 4:	268 slli x6, x1, #2
Registers
x00:	0	0	0	0	0	0	0	0
x08:	0	0	0	0	0	0	0	0
x16:	0	0	0	0	0	0	0	0
x24:	0	0	0	0	0	0	0	0
Data
312:	-1	-2	-4	1	2	3	-4	10	
344:	7	9	1	0	-1	
--------------------
Cycle 5:	272 lw x3, 312(x6)
Registers
x00:	0	0	0	0	0	0	0	0
x08:	0	0	0	0	0	0	0	0
x16:	0	0	0	0	0	0	0	0
x24:	0	0	0	0	0	0	0	0
Data
312:	-1	-2	-4	1	2	3	-4	10	
344:	7	9	1	0	-1	
--------------------
Cycle 6:	276 lw x4, 324(x6)
Registers
x00:	0	0	0	0	0	0	0	0
x08:	0	0	0	0	0	0	0	0
x16:	0	0	0	0	0	0	0	0
x24:	0	0	0	0	0	0	0	0
Data
312:	-1	-2	-4	1	2	3	-4	10	
344:	7	9	1	0	-1	
--------------------
Cycle 7:	280 add x5, x3, x4
Registers
x00:	0	0	0	0	0	0	0	0
x08:	0	0	0	0	0	0	0	0
x16:	0	0	0	0	0	0	0	0
x24:	0	0	0	0	0	0	0	0
Data
312:	-1	-2	-4	1	2	3	-4	10	
344:	7	9	1	0	-1	
--------------------
Cycle 8:	284 blt x5, x0, #6
Registers
x00:	0	0	0	0	0	0	0	0
x08:	0	0	0	0	0	0	0	0
x16:	0	0	0	0	0	0	0	0
x24:	0	0	0	0	0	0	0	0
Data
312:	-1	-2	-4	1	2	3	-4	10	
344:	7	9	1	0	-1	
--------------------
Cycle 9:	288 sub x5, x3, x4
Registers
x00:	0	0	0	0	0	0	0	0
x08:	0	0	0	0	0	0	0	0
x16:	0	0	0	0	0	0	0	0
x24:	0	0	0	0	0	0	0	0
Data
312:	-1	-2	-4	1	2	3	-4	10	
344:	7	9	1	0	-1	
--------------------
Cycle 10:	292 jal x7, #4
Registers
x00:	0	0	0	0	0	0	0	0
x08:	0	0	0	0	0	0	0	0
x16:	0	0	0	0	0	0	0	0
x24:	0	0	0	0	0	0	0	0
Data
312:	-1	-2	-4	1	2	3	-4	10	
344:	7	9	1	0	-1	
--------------------
Cycle 11:	296 sw x6, 324(x5)
Registers
x00:	0	0	0	0	0	0	0	0
x08:	0	0	0	0	0	0	0	0
x16:	0	0	0	0	0	0	0	0
x24:	0	0	0	0	0	0	0	0
Data
312:	-1	-2	-4	1	2	3	-4	10	
344:	7	9	1	0	-1	
--------------------
Cycle 12:	300 addi x1, x1, #1
Registers
x00:	0	0	0	0	0	0	0	0
x08:	0	0	0	0	0	0	0	0
x16:	0	0	0	0	0	0	0	0
x24:	0	0	0	0	0	0	0	0
Data
312:	-1	-2	-4	1	2	3	-4	10	
344:	7	9	1	0	-1	
--------------------
Cycle 13:	304 jal x8, #-20
Registers
x00:	0	0	0	0	0	0	0	0
x08:	0	0	0	0	0	0	0	0
x16:	0	0	0	0	0	0	0	0
x24:	0	0	0	0	0	0	0	0
Data
312:	-1	-2	-4	1	2	3	-4	10	
344:	7	9	1	0	-1	
